8.設某個班級微積分的小考成績如下:
36, 48, 87,62,60,52,66,73,73,89,36,12,62, 50, 60,70,88,90, 65
(a).
試求出全班的平均成績。
A=[36, 48, 87,62,60,52,66,73,73,89,36,12,62, 50, 60,70,88,90, 65]
