num = exp(5)
 format short e
 num
 
 format long
 num

num =

     1.484131591025766e+02


num =

   1.4841e+02


num =

     1.484131591025766e+02